4
20
1 1 1 1 1 1 1 1 1 1 1 1 1 1 1 1 1 1 1 1
1 1 1 1 1 1 1 1 1 1 1 1 1 1 1 1 1 1 1 1
1 1 1 1 1 1 1 1 1 1 1 1 1 1 1 1 1 1 1 1
1 1 1 1 1 1 1 1 1 1 1 1 1 1 1 1 1 1 1 1
1 1 1 1 1 1 1 1 1 1 1 1 1 1 1 1 1 1 1 1
1 1 1 1 1 1 1 1 1 1 1 1 1 1 1 1 1 1 1 1
1 1 1 1 1 1 1 1 1 1 1 1 1 1 1 1 1 1 1 1
1 1 1 1 1 1 1 1 1 1 1 1 1 1 1 1 1 1 1 1
1 1 1 1 1 1 1 1 1 1 1 1 1 1 1 1 1 1 1 1
1 1 1 1 1 1 1 1 1 1 1 1 1 1 1 1 1 1 1 1
1 1 1 1 1 1 1 1 1 1 1 1 1 1 1 1 1 1 1 1
1 1 1 1 1 1 1 1 1 1 1 1 1 1 1 1 1 1 1 1
1 1 1 1 1 1 1 1 1 1 1 1 1 1 1 1 1 1 1 1
1 1 1 1 1 1 1 1 1 1 1 1 1 1 1 1 1 1 1 1
1 1 1 1 1 1 1 1 1 1 1 1 1 1 1 1 1 1 1 1
1 1 1 1 1 1 1 1 1 1 1 1 1 1 1 1 1 1 1 1
1 1 1 1 1 1 1 1 1 1 1 1 1 1 1 1 1 1 1 1
1 1 1 1 1 1 1 1 1 1 1 1 1 1 1 1 1 1 1 1
1 1 1 1 1 1 1 1 1 1 1 1 1 1 1 1 1 1 1 1
1 1 1 1 1 1 1 1 1 1 1 1 1 1 1 1 1 1 1 1
3
1 1 1
1 1 1
1 1 1
11
1 0 0 1 0 0 0 0 0 1 1 
1 1 1 1 1 0 1 0 1 0 0 
1 0 0 1 0 0 1 1 0 1 0 
1 0 1 1 1 0 1 1 0 1 1 
0 1 1 1 0 1 0 0 1 1 1 
1 1 1 0 0 1 0 0 0 0 0 
0 0 0 0 1 0 1 0 0 0 1 
1 0 1 1 0 0 0 0 0 0 1 
0 0 1 0 1 1 0 0 0 1 1 
1 1 1 0 0 0 1 0 1 0 1 
1 0 0 0 1 1 1 1 0 0 0 
11
0 1 1 1 0 1 0 0 0 1 0 
0 0 1 1 1 1 1 1 1 1 1 
1 1 0 1 0 0 0 0 0 1 0 
0 1 0 1 0 1 0 1 0 1 1 
1 0 0 1 0 0 0 0 1 0 1 
0 0 1 0 1 1 0 0 0 0 1 
1 0 1 0 1 1 1 0 1 1 0 
1 0 1 1 0 1 1 0 0 1 0 
0 0 1 1 0 1 1 1 1 1 1 
0 1 0 0 0 0 0 0 0 1 1 
0 1 1 0 0 0 0 0 1 0 1 
