7
6
03 10103538 2222 1233 6160 0142
03 10103538 2222 1233 6160 0141
30 10103538 2222 1233 6160 0141
30 10103538 2222 1233 6160 0142
30 10103538 2222 1233 6160 0141
30 10103538 2222 1233 6160 0142

5
30 10103538 2222 1233 6160 0144
30 10103538 2222 1233 6160 0142
30 10103538 2222 1233 6160 0145
30 10103538 2222 1233 6160 0146
30 10103538 2222 1233 6160 0143

29
30 10103538 2222 1233 6160 0140
30 10103538 2222 1233 6160 0111
30 10103538 2222 1233 6160 0111
30 10103538 2222 1233 6160 0111
30 10103538 2222 1233 6160 0111
30 10103538 2222 1233 6160 0241
30 10103538 2252 1233 6160 3141
30 10103538 2222 1243 6164 0141
30 10103538 2222 1233 6150 0141
30 10103538 2222 1298 6160 0143
30 10103538 2222 1133 6660 0141
30 10103538 2222 1233 7160 0141
30 10103538 2222 1233 6160 0241
30 10103538 2222 1233 6160 0241
30 10103538 7222 1233 6160 0241
30 10103538 2222 1233 6160 0241
30 10103538 2222 1233 6160 0241
30 10103538 2251 1233 6160 3141
30 10103538 2222 1233 6160 0241
30 10103538 2251 1233 6160 3141
30 10103538 2222 1233 6160 0241
30 12103538 2252 1233 6160 3141
30 10103538 2222 1298 6160 0141
30 10103538 2222 1298 6160 0143
30 10103538 2222 1293 6160 0141
30 10103538 2222 1233 6160 0241
40 10103538 2251 1233 6160 3141
30 10103538 2251 1233 6160 3141
50 10103538 2251 1233 6160 3141

5
50 10103538 2251 1233 6160 3141
50 10103538 2251 1233 6160 3141
50 10103538 2251 1233 6160 3141
50 10103538 2251 1233 6160 3141
50 10103538 2251 1233 6160 3141

5
50 10103538 2251 1233 6160 3141
50 10103538 2251 1233 6160 3142
50 10103538 2251 1233 6160 3143
50 10103538 2251 1233 6160 3144
50 10103538 2251 1233 6160 3145

1
00 00000000 0000 0000 0000 0000

6
00 00000000 0000 0000 0000 0002
00 00000000 0000 0000 0000 0000
00 00000000 0000 0000 0000 0001
00 00000000 0000 0000 0000 0000
00 00000000 0000 0000 0000 0001
00 00000000 0000 0000 0000 0000