100
436034 464802

880368 122366

482675 112612

720507 284811

710533 832924

191066 407973

808219 189717

796927 432799

984846 271395

787531 816238

601051 105079

531317 342538

508424 315911

721016 968408

625055 778066

153245 519440

484312 716490

351746 867540

621641 565979

245624 512677

553779 400279

848044 109630

490517 289242

407008 496935

480352 623645

120191 871773

945480 718362

887863 591574

416835 176059

491919 492900

967920 259380

450183 739966

507752 235910

409038 737511

810241 801167

188579 326708

782946 612705

253904 570852

843273 739555

276793 407018

420877 628530

974458 345389

211836 650804

260012 902335

812530 210017

458426 422701

256628 302460

487069 142698

289017 559897

795010 68745

258849 288525

575892 150313

10401 397498

585231 975185

846362 170416

912210 486534

487072 52030

741094 232068

999740 882624

548436 97596

409431 239878

253902 611704

494830 34335

305491 664305

305070 825351

489087 435169

445989 251087

476171 494648

274649 517343

743011 930289

516677 63321

881992 271384

908902 37678

906878 7998

446324 438850

823429 269070

582124 211756

270800 298726

896219 560139

901810 989622

713512 721330

416102 665989

667382 370006

575919 229989

705389 48301

551565 317716

273666 744997

151124 848703

903247 979162

485629 545347

458731 982772

209658 50989

59736 929882

808284 982208

942987 251960

271305 905210

545074 323128

280516 14021

612495 66093

963277 125954
